100 100000
5000 1
7500 3
6000 2
9200 5
8800 4
9400 6
9800 7
10000 5
9700 4
9600 3
9500 2
9400 1
9300 2
9200 3
9100 4
9000 5
8900 1
8800 2
8700 3
8600 4
8500 5
8400 2
8300 1
8200 3
8100 4
8000 5
7900 2
7800 3
7700 4
7600 5
7500 1
7400 2
7300 3
7200 4
7100 5
7000 2
6900 3
6800 4
6700 5
6600 1
6500 2
6400 3
6300 4
6200 5
6100 2
6000 3
5900 4
5800 5
5700 1
5600 2
5500 3
5400 4
5300 5
5200 2
5100 3
5000 4
4900 5
4800 1
4700 2
4600 3
4500 4
4400 5
4300 2
4200 3
4100 4
4000 5
3900 1
3800 2
3700 3
3600 4
3500 5
3400 2
3300 3
3200 4
3100 5
3000 1
2900 2
2800 3
2700 4
2600 5
2500 2
2400 3
2300 4
2200 5
2100 1
2000 2
1900 3
1800 4
1700 5
1600 2
1500 3
1400 4
1300 5
1200 1
1100 2
1000 3
900 4
800 5
999 3
9999 2