100 100000
9500 900
9100 850
9200 800
9300 750
9400 700
9500 650
9600 600
9700 550
9800 500
9900 450
9950 400
9960 350
9970 300
9980 250
9990 200
10000 150
9995 100
9990 90
9985 80
9980 70
9975 60
9970 50
9965 40
9960 30
9955 20
9950 10
9945 9
9940 8
9935 7
9930 6
9925 5
9920 4
9915 3
9910 2
9905 1
9895 10
9885 20
9875 30
9865 40
9855 50
9845 60
9835 70
9825 80
9815 90
9805 100
9795 110
9785 120
9775 130
9765 140
9755 150
9745 160
9735 170
9725 180
9715 190
9705 200
9695 210
9685 220
9675 230
9665 240
9655 250
9645 260
9635 270
9625 280
9615 290
9605 300
9595 310
9585 320
9575 330
9565 340
9555 350
9545 360
9535 370
9525 380
9515 390
9505 400
9495 410
9485 420
9475 430
9465 440
9455 450
9445 460
9435 470
9425 480
9415 490
9405 500
9395 510
9385 520
9375 530
9365 540
9355 550
9345 560
9335 570
9325 580
9315 590
9305 600
9295 610
9285 620
9275 630
9265 640
9255 650